22, 324, 144, 8, 192, 96, 8, 12, 1, 0, 1, 256, 256, 0
22, 289, 144, 8, 112, 136, 8, 8, 1, 0, 0, 256, 256, 0
22, 256, 144, 8, 160, 32, 8, 8, 1, 0, 0, 256, 256, 0
64, 3136, 64, 8, 640, 64, 8, 8, 1, 0, 0, 256, 512, 0
64, 3136, 576, 8, 952, 296, 8, 8, 1, 0, 0, 256, 512, 0
256, 3136, 64, 8, 128, 64, 8, 8, 1, 0, 0, 256, 512, 0
64, 3136, 256, 8, 944, 136, 8, 8, 1, 0, 0, 256, 256, 0
128, 784, 256, 8, 320, 200, 8, 8, 1, 0, 0, 256, 256, 0
128, 784, 1152, 8, 256, 296, 8, 8, 1, 0, 0, 512, 512, 0
512, 784, 128, 8, 112, 128, 8, 8, 1, 0, 0, 512, 256, 0
512, 784, 256, 8, 160, 256, 8, 8, 1, 0, 0, 512, 256, 0
128, 784, 512, 8, 272, 272, 8, 8, 1, 0, 0, 256, 512, 0
256, 196, 512, 8, 40, 272, 8, 8, 1, 0, 0, 512, 512, 0
256, 196, 2304, 8, 176, 304, 8, 8, 1, 0, 0, 512, 256, 0
1024, 196, 256, 8, 152, 256, 8, 8, 1, 0, 0, 512, 256, 0
1024, 196, 512, 8, 168, 256, 8, 8, 1, 0, 0, 512, 256, 0
256, 196, 1024, 8, 88, 136, 8, 8, 1, 0, 0, 512, 256, 0
512, 49, 1024, 8, 56, 176, 8, 8, 1, 0, 0, 512, 512, 0
512, 49, 4608, 8, 56, 864, 8, 8, 1, 0, 0, 512, 256, 0
2048, 49, 512, 8, 40, 272, 8, 8, 1, 0, 0, 512, 512, 0
2048, 49, 1024, 8, 56, 904, 8, 8, 1, 0, 0, 512, 256, 0
512, 49, 2048, 8, 56, 256, 8, 8, 1, 0, 0, 512, 256, 0
